
Processing /home/answain/alice/AliceO2MacroDev/StepandHit_Analysis/analyzeHitsForOptimisation.C...
35
 ITS 8440 -0.802216 0.199052 -0.126992 249.191 245.043 502.492 0.794003 2.07694 5.22092e-08 2.1668e-13
 TPC 2083433 -7.89221 -5.78739 20.6195 13378.4 13835 21888.9 14.4825 36987.1 119.957 244618
35
 MFT 2653 0.497601 0.0699361 -57.8632 28.4957 30.9282 3475.47 4.76951 93.9497 1.23841e-08 3.7297e-14
35
 TOF 691 -0.21614 17.4722 17.8406 75623.9 67926.4 39682.9 0.00033426 4.98121e-07 76.8942 228419
35
 EMC 4764 -130.507 61.6802 -6.10915 81289.3 113544 37174 0.0298109 0.0071562 94.8183 129601
35
 PHS 1215 77.1484 -431.503 2.94678 27503.5 187811 1377.22 0.00731665 0.00125954 1.26851e-07 9.95713e-14
35
 CPV 855 118.277 -409.626 5.23819 27262.9 170041 1597.89 8.86587 709.825 19.8258 443.515
35
 FV0 8139 0.171259 2.28863 322.182 637.676 609.699 103803 0.00271679 3.90909e-05 4.63055e-08 1.50299e-13
35
 FDD 20508 -0.0419921 0.44688 487.405 82.096 122.064 3.18576e+06 0.0039269 2.52585e-05 63.8295 29648
35
 HMP 36 455.934 127.441 -77.1485 209754 25007.8 15418.9 4.57711e-07 3.4974e-13 2.78232e-08 1.6605e-15
35
 MCH 203 48.5596 10.8605 -980.644 10534.3 6979.28 1.07874e+06 1.96515e-06 3.63269e-11 0 0
35
 MID 13 -28.485 -109.232 -1696.52 4506.13 25083 2.87955e+06 3.78437e-06 5.70862e-11 0 0
